1.000000000 0.000000000 0.000000000 0.000000000 0.000000000 1.000000000 0.000000000 0.000000000 0.000000000 0.000000000 1.000000000 0.000000000
0.997924566 0.001377270 0.064379364 0.004240796 -0.001146116 0.999992788 -0.003627285 0.001934187 -0.064383894 0.003545971 0.997918904 -0.002818065
0.996101081 -0.010890005 0.087543562 0.008631607 0.010521050 0.999933720 0.004674841 0.000777800 -0.087588660 -0.003735564 0.996149719 -0.005727247
0.994275808 0.003476253 0.106787466 0.009268003 -0.003709642 0.999991119 0.001986989 0.000107385 -0.106779613 -0.002371758 0.994279861 -0.005969943
0.992537796 0.009858009 0.121538192 0.010011560 -0.009856120 0.999951243 -0.000616725 -0.000117417 -0.121538341 -0.000585773 0.992586553 -0.006579582
0.989940822 0.008220979 0.141242772 0.011995004 -0.007612446 0.999959230 -0.004848194 -0.003186956 -0.141276866 0.003724222 0.989963055 -0.010578875
0.985879719 0.009739022 0.167171478 0.013848484 -0.008455674 0.999929190 -0.008386903 -0.006544401 -0.167241290 0.006854930 0.985892117 -0.014214257
0.979792237 0.018850084 0.199127883 0.014486841 -0.019430265 0.999810755 0.000959719 -0.005806647 -0.199072123 -0.004809434 0.979973078 -0.014929505
0.973188937 0.016366906 0.229424238 0.016537875 -0.016110994 0.999865770 -0.002988652 -0.005349270 -0.229442313 -0.000787729 0.973321915 -0.017946014
0.965739548 0.017300319 0.258936077 0.017838873 -0.014977455 0.999827921 -0.010941010 -0.005863900 -0.259080768 0.006687962 0.965832472 -0.021860089
0.957854331 0.019545048 0.286588371 0.018065777 -0.015158752 0.999731541 -0.017516145 -0.007953334 -0.286853850 0.012433592 0.957893670 -0.026934499
0.950497270 0.010303940 0.310561985 0.019872408 -0.006255678 0.999881983 -0.014028497 -0.007790788 -0.310669869 0.011391273 0.950449705 -0.029687967
0.943857193 0.016816512 0.329925418 0.020760411 -0.013509515 0.999832928 -0.012313840 -0.008625451 -0.330077350 0.007165374 0.943926692 -0.033570059
0.939664364 0.016311539 0.341708660 0.022723803 -0.012813861 0.999839962 -0.012490751 -0.007941048 -0.341857672 0.007358507 0.939722955 -0.034305766
0.935284436 0.015358272 0.353563428 0.022751484 -0.009864401 0.999801040 -0.017335486 -0.010584587 -0.353759348 0.012725919 0.935249925 -0.038883600
0.929097533 0.009993251 0.369699687 0.027822014 -0.002231065 0.999768078 -0.021417538 -0.011494205 -0.369827956 0.019074157 0.928904414 -0.039653942
0.918991089 0.015119519 0.393988281 0.030591734 -0.011691510 0.999870062 -0.011099728 -0.013185207 -0.394104898 0.005594233 0.919048488 -0.040588260
0.907126009 0.014838168 0.420597523 0.035513412 -0.010478028 0.999864757 -0.012675470 -0.012321834 -0.420728743 0.007091217 0.907158852 -0.039285153
0.895122528 0.014559245 0.445582330 0.039763983 -0.007150238 0.999806881 -0.018304344 -0.012580184 -0.445762783 0.013198611 0.895053864 -0.039906058
0.886197329 0.013011923 0.463125288 0.043521766 -0.004587647 0.999803007 -0.019311836 -0.010505213 -0.463285267 0.014989443 0.886082470 -0.036196556
0.879519165 -0.000630080 0.475862950 0.048701331 0.005237584 0.999951303 -0.008356404 -0.007800980 -0.475834608 0.009841993 0.879479706 -0.032022707
0.875443041 0.010480997 0.483207673 0.052689034 -0.006376142 0.999928236 -0.010137043 -0.005822801 -0.483279258 0.005793402 0.875447094 -0.024136549
0.874872744 0.010443364 0.484240294 0.056498483 -0.004188373 0.999893188 -0.013997093 -0.005720389 -0.484334767 0.010217495 0.874823093 -0.017550759
0.874052346 0.007899587 0.485767394 0.062249992 -0.001409097 0.999904811 -0.013725108 -0.006423218 -0.485829562 0.011311969 0.873980343 -0.008759078
0.869805992 0.010340295 0.493285447 0.067195758 -0.002969273 0.999872029 -0.015723715 -0.006966570 -0.493384868 0.012211882 0.869725406 0.001173858
0.860619605 0.018635375 0.508907378 0.071842983 -0.022288647 0.999750972 0.001083316 -0.007378382 -0.508760452 -0.012275177 0.860820651 0.013227411
0.851886094 0.020060500 0.523342848 0.078815691 -0.023353649 0.999727190 -0.000306457 -0.006730683 -0.523206234 -0.011960899 0.852122128 0.023541158
0.849407196 0.022676984 0.527250588 0.083436646 -0.025442373 0.999674261 -0.002007900 -0.006887847 -0.527124405 -0.011708981 0.849707425 0.035750993
0.853502333 0.018986071 0.520742893 0.091088161 -0.021451877 0.999769032 -0.001291342 -0.007198764 -0.520647228 -0.010068751 0.853712618 0.047392979
0.855960667 0.017958947 0.516728878 0.098763831 -0.019116705 0.999812424 -0.003081753 -0.007180584 -0.516687334 -0.007240294 0.856143534 0.058391064
0.855988503 0.012407716 0.516846061 0.107763663 -0.014911504 0.999888539 0.000692160 -0.003656414 -0.516779840 -0.008299432 0.856078029 0.071348332
0.858405828 0.010368048 0.512866497 0.114693716 -0.010840624 0.999939024 -0.002070257 -0.000981251 -0.512856722 -0.003782671 0.858465970 0.082915843
0.860738277 0.011143668 0.508925915 0.121187001 -0.013435169 0.999909341 0.000828224 0.000657548 -0.508870542 -0.007550390 0.860810041 0.097072631
0.861512482 0.013748529 0.507550359 0.128614590 -0.015789740 0.999875307 -0.000283234 0.000496536 -0.507490993 -0.007770080 0.861622095 0.109718956
0.858882964 0.020335915 0.511768222 0.132967383 -0.028303914 0.999569058 0.007782031 0.001963206 -0.511389375 -0.021168895 0.859088361 0.122781843
0.855034292 0.021389030 0.518130243 0.140373528 -0.027512427 0.999612868 0.004136640 0.003943359 -0.517841160 -0.017791990 0.855291784 0.135593176
0.852587223 0.020831965 0.522169530 0.148529887 -0.026972825 0.999627531 0.004160494 0.006416317 -0.521888435 -0.017631575 0.852831423 0.148342088
0.851677835 0.020325102 0.523671389 0.155260548 -0.027221764 0.999614537 0.005474636 0.007087163 -0.523358166 -0.018917887 0.851902664 0.158741847
0.851878405 0.018453309 0.523414552 0.162715286 -0.025704293 0.999647856 0.006591556 0.008572773 -0.523108721 -0.019069202 0.852052569 0.171094149
0.854172647 0.016598118 0.519724488 0.170380726 -0.026943315 0.999560535 0.012359275 0.011990896 -0.519290924 -0.024560049 0.854244530 0.184220076
0.858267188 0.019233299 0.512842655 0.176744521 -0.028962666 0.999520183 0.010985112 0.011852539 -0.512385249 -0.024281450 0.858412266 0.195832103
0.859928012 0.020739686 0.509993851 0.183905303 -0.030440139 0.999479532 0.010681382 0.010879120 -0.509506762 -0.024709500 0.860111773 0.208516210
0.856852710 0.022587454 0.515066266 0.190208852 -0.030494865 0.999511123 0.006898521 0.008364107 -0.514658630 -0.021617889 0.857122600 0.218297794
0.849869013 0.024703518 0.526414573 0.198170513 -0.034426484 0.999369502 0.008681485 0.010079811 -0.525868297 -0.025500732 0.850183606 0.233482182
0.840688825 0.024016816 0.540985584 0.207647383 -0.030934848 0.999514520 0.003699574 0.011388044 -0.540634215 -0.019845495 0.841023684 0.245173782
0.831021190 0.024613829 0.555695891 0.215391979 -0.030165607 0.999544501 0.000837938 0.011010208 -0.555422306 -0.017459249 0.831385136 0.256305218
0.823919117 0.023699397 0.566211700 0.223904803 -0.027381258 0.999623060 -0.001996645 0.011328847 -0.566045582 -0.013858515 0.824257433 0.266615570
0.818987072 0.022234336 0.573381186 0.233421430 -0.024273993 0.999696970 -0.004094162 0.012484502 -0.573298454 -0.010565186 0.819278479 0.278095961
0.814839423 0.017414749 0.579425216 0.243414089 -0.024968563 0.999675333 0.005067562 0.016058987 -0.579148889 -0.018596664 0.815009713 0.291871309
0.812098920 0.016373076 0.583289981 0.252392620 -0.026465032 0.999611139 0.008787253 0.017423796 -0.582919300 -0.022572909 0.812216341 0.303468198
0.808537185 0.018136626 0.588165581 0.261674881 -0.030686231 0.999464452 0.011364227 0.017178040 -0.587644398 -0.027236983 0.808660626 0.315342188
0.803996861 0.019699672 0.594307184 0.269576043 -0.032609850 0.999407709 0.010987923 0.017812075 -0.593738735 -0.028214518 0.804163039 0.326194346
0.796766162 0.022988968 0.603850424 0.278205305 -0.041526850 0.998996735 0.016761247 0.020951170 -0.602859199 -0.038430799 0.796921432 0.340721428
0.787224233 0.023233281 0.616228998 0.289310843 -0.037982289 0.999219537 0.010848950 0.022038063 -0.615495980 -0.031946350 0.787492275 0.351133913
0.777073145 0.021957131 0.629027128 0.298897386 -0.035133597 0.999346375 0.008518875 0.022550510 -0.628428876 -0.028719777 0.777336657 0.360963941
0.773553789 0.018822817 0.633451104 0.318724930 -0.028838640 0.999568939 0.005515086 0.022642467 -0.633074224 -0.022534084 0.773763001 0.381298989
0.777052760 0.020571347 0.629099250 0.328922838 -0.030122455 0.999535978 0.004522242 0.024171812 -0.628714263 -0.022464031 0.777311862 0.391888857
0.781828046 0.018074809 0.623232067 0.337871283 -0.024756389 0.999691486 0.002063445 0.025807312 -0.623002410 -0.017042229 0.782034278 0.400959313
0.784640908 0.017029203 0.619716644 0.346210957 -0.022498550 0.999746382 0.001014009 0.024797382 -0.619542122 -0.014738358 0.784824908 0.409775198
0.784297466 0.017581875 0.620135665 0.353422642 -0.019143512 0.999808311 -0.004135052 0.023479834 -0.620089352 -0.008628465 0.784483731 0.417780727
0.781105697 0.019804854 0.624084651 0.362771660 -0.026704229 0.999642015 0.001700191 0.024789840 -0.623827517 -0.017993730 0.781354785 0.427035719
0.776597738 0.017194062 0.629761994 0.372370631 -0.027274068 0.999607861 0.006341548 0.027408415 -0.629405916 -0.022101006 0.776762307 0.438085616
0.773228228 0.014330191 0.633965909 0.380392492 -0.024371058 0.999677598 0.007127862 0.027332434 -0.633659303 -0.020961884 0.773328185 0.446853042
0.772973657 0.010611462 0.634349346 0.388531893 -0.019881597 0.999774277 0.007501996 0.026683036 -0.634126484 -0.018410724 0.773010075 0.455248743
0.774103642 0.015452416 0.632870317 0.397358179 -0.022313578 0.999746919 0.002882929 0.028449519 -0.632665455 -0.016353287 0.774252534 0.466064602
0.776042163 0.008992410 0.630617082 0.406561375 -0.016753308 0.999839425 0.006359334 0.031644974 -0.630458534 -0.015500034 0.776068032 0.475968510
0.779823482 0.008410185 0.625943065 0.415432662 -0.013807832 0.999897659 0.003767672 0.033897884 -0.625847161 -0.011581039 0.779859781 0.486408859
0.782894075 0.006905827 0.622116745 0.424890071 -0.009752849 0.999951661 0.001173338 0.033106916 -0.622078478 -0.006986011 0.782923698 0.495451093
0.783334553 0.007841120 0.621550918 0.434005231 -0.004666883 0.999966383 -0.006733361 0.032188967 -0.621582687 0.002373767 0.783344865 0.505758166
0.780296564 0.010660015 0.625318825 0.447214574 -0.011315315 0.999931633 -0.002926482 0.033608124 -0.625307083 -0.004792152 0.780364037 0.520096004
0.775629222 0.010385126 0.631103396 0.458600938 -0.013546122 0.999908268 0.000194260 0.036211349 -0.631043315 -0.008699680 0.775698781 0.533783793
0.771528184 0.007427923 0.636151671 0.472297817 -0.010233977 0.999947369 0.000736099 0.039541088 -0.636112809 -0.007078284 0.771563530 0.548244834
0.771486938 0.004491784 0.636229336 0.485234499 -0.006759209 0.999976516 0.001136324 0.041641302 -0.636209369 -0.005177066 0.771499097 0.562863469
0.772807956 -0.001206070 0.634638786 0.499371082 -0.001856934 0.999989629 0.004161598 0.043022446 -0.634637415 -0.004394598 0.772797525 0.575988948
0.774351120 -0.001528474 0.632754266 0.513788402 -0.003997270 0.999965310 0.007307279 0.045335066 -0.632743478 -0.008187688 0.774318159 0.594025254
0.776549995 -0.002098360 0.630052090 0.527140498 -0.003189645 0.999968588 0.007261641 0.044478290 -0.630047500 -0.007648672 0.776518822 0.608609259
0.777028263 -0.000679073 0.629465342 0.539327204 -0.006219114 0.999942362 0.008755783 0.042580474 -0.629434943 -0.010718206 0.776979208 0.624556005
0.777131021 0.002773840 0.629332721 0.552247941 -0.007485296 0.999960244 0.004835797 0.040988438 -0.629294276 -0.008468789 0.777120948 0.641999781
0.777525842 0.010862963 0.628757179 0.563980699 -0.018219316 0.999820173 0.005256367 0.041626420 -0.628587008 -0.015542487 0.777583957 0.659680068
0.774499178 0.013987892 0.632420182 0.577313483 -0.022202231 0.999740601 0.005077871 0.044578485 -0.632185221 -0.017973948 0.774608910 0.677868068
0.769542992 0.014200530 0.638437152 0.591128707 -0.023705337 0.999698877 0.006337387 0.046957999 -0.638154924 -0.020011259 0.769647896 0.695683360
0.767445862 0.010185846 0.641032875 0.605340719 -0.019504709 0.999781966 0.007464804 0.049224466 -0.640816927 -0.018231992 0.767477214 0.712649047
0.767555356 0.013683883 0.640836716 0.616862893 -0.019521166 0.999807358 0.002032230 0.049331192 -0.640685439 -0.014069726 0.767674565 0.724641383
0.768474936 0.008834306 0.639818966 0.630624712 -0.013955144 0.999898255 0.002955166 0.054895326 -0.639727712 -0.011199735 0.768520057 0.740702331
0.773046136 0.003502273 0.634340107 0.646306694 -0.010863485 0.999911189 0.007718275 0.057788335 -0.634256780 -0.012857727 0.773015499 0.756671965
0.776011586 0.000801002 0.630718112 0.658832014 -0.014188467 0.999768317 0.016187264 0.059247553 -0.630558908 -0.021510428 0.775843203 0.775086582
0.777273059 0.001912547 0.629160583 0.669681489 -0.016809244 0.999701619 0.017727427 0.059455086 -0.628938794 -0.024354760 0.777073264 0.789095581
0.776766300 0.005418559 0.629765630 0.680111229 -0.021936512 0.999588966 0.018456412 0.062284257 -0.629406750 -0.028151175 0.776565909 0.804275036
0.772372842 0.003900554 0.635157645 0.691427886 -0.016833439 0.999755621 0.014330443 0.063199028 -0.634946525 -0.021760326 0.772249639 0.817952037
0.767115176 0.001796578 0.641506910 0.701905191 -0.013866704 0.999808908 0.013781809 0.063650772 -0.641359389 -0.019467819 0.766993463 0.829258442
0.764539957 0.000326789 0.644576192 0.711154461 -0.011749817 0.999840796 0.013429701 0.063938320 -0.644469142 -0.017841199 0.764422119 0.840906203
0.764906526 0.006104868 0.644112349 0.721389532 -0.013118939 0.999895215 0.006102245 0.064244099 -0.644007623 -0.013117717 0.764906585 0.851447701
0.766590416 0.005360132 0.642114043 0.733287632 -0.011866702 0.999912560 0.005820207 0.065896302 -0.642026663 -0.012081487 0.766587019 0.865334690
0.771485329 0.002488505 0.636242390 0.743128955 -0.008745921 0.999939263 0.006693981 0.066601418 -0.636187017 -0.010728830 0.771460235 0.876619756
0.776474237 0.000596474 0.630148649 0.755861163 -0.006007217 0.999961078 0.006455617 0.067614295 -0.630120337 -0.008798060 0.776447535 0.888830066
0.779025078 0.000378463 0.626992583 0.766720176 -0.000781025 0.999999702 0.000366790 0.068333730 -0.626992226 -0.000775435 0.779025197 0.898622453
0.776065707 -0.002861135 0.630645514 0.776911557 -0.002312682 0.999970138 0.007382662 0.068557464 -0.630647838 -0.007187915 0.776035845 0.908745170
0.771081448 -0.012329870 0.636617064 0.790535927 0.009375128 0.999923944 0.008011009 0.072357900 -0.636667430 -0.000208776 0.771138489 0.919696093
0.765117288 -0.020584101 0.643561900 0.802568316 0.016884912 0.999786556 0.011903705 0.070975937 -0.643669486 0.001758751 0.765301585 0.928022206
0.757304072 -0.028604016 0.652435660 0.815905571 0.022733275 0.999589443 0.017436625 0.071077958 -0.652666628 0.001627175 0.757643461 0.937254071
0.748639226 -0.026880130 0.662432492 0.829116106 0.021202110 0.999637365 0.016601920 0.072899453 -0.662638664 0.001616123 0.748937607 0.947730005
0.741346776 -0.023132617 0.670723319 0.840458691 0.022084989 0.999705374 0.010068484 0.073940173 -0.670758784 0.007348679 0.741639197 0.957714379
0.739583910 -0.020955030 0.672738075 0.851678848 0.023868766 0.999703109 0.004899159 0.073782459 -0.672640979 0.012434092 0.739864409 0.966990650
0.738375247 -0.019369714 0.674111784 0.864884436 0.024601184 0.999695778 0.001778511 0.075062364 -0.673941195 0.015270737 0.738627255 0.977732360
0.733770490 -0.013556635 0.679262042 0.874401450 0.022672007 0.999732733 -0.004538806 0.074363396 -0.679018974 0.018730680 0.733881772 0.985982478
0.722918868 -0.010151709 0.690858245 0.887184501 0.009186386 0.999944925 0.005080834 0.076521300 -0.690871835 0.002673461 0.722972393 0.998158157
0.710987568 -0.010281715 0.703129411 0.901028037 0.008523593 0.999945641 0.006003144 0.080420740 -0.703152955 0.001725028 0.711036563 1.010663152
0.706179678 -0.015811443 0.707855999 0.913439453 0.013218317 0.999870777 0.009147188 0.084029973 -0.707909226 0.002897107 0.706297576 1.020558357
0.706526756 -0.019087451 0.707428813 0.925238073 0.016974147 0.999805748 0.010023694 0.086823851 -0.707482636 0.004925994 0.706713438 1.031564116
0.707282126 -0.014753981 0.706777394 0.937112033 0.013408075 0.999882281 0.007454900 0.089162976 -0.706804216 0.004203805 0.707396746 1.041801929
0.708407164 -0.017920194 0.705576479 0.950268805 0.014652167 0.999835551 0.010682824 0.090704039 -0.705651939 0.002770434 0.708553255 1.053854942
0.711756766 -0.017053206 0.702218890 0.960253596 0.014308606 0.999849796 0.009778142 0.091931343 -0.702280283 0.003088115 0.711893857 1.064444304
0.714773893 -0.018339183 0.699115217 0.971587062 0.015373811 0.999826610 0.010509294 0.095071279 -0.699186742 0.003236297 0.714931726 1.074807286
0.716658533 -0.016939897 0.697218478 0.978779018 0.016225703 0.999839365 0.007614385 0.095742315 -0.697235405 0.005855945 0.716818213 1.083662271
0.712097883 -0.020363605 0.701784849 0.992481589 -0.000349203 0.999568820 0.029358706 0.099422194 -0.702080131 -0.021151334 0.711783767 1.100237250
0.705149472 -0.024494402 0.708635390 1.003111959 0.005493911 0.999561846 0.029083559 0.101161227 -0.709037364 -0.016615078 0.704975128 1.110936761
0.699669421 -0.020874219 0.714161754 1.013045669 0.004748707 0.999686837 0.024567481 0.100516237 -0.714450955 -0.013797772 0.699549437 1.121687889
0.698281586 -0.016057536 0.715642989 1.023239017 0.002557046 0.999797940 0.019938370 0.099760115 -0.715818584 -0.012092669 0.698181510 1.132799029
0.699472964 -0.002147621 0.714655876 1.030397892 -0.006549382 0.999934316 0.009415155 0.098187752 -0.714629114 -0.011266198 0.699412823 1.143090248
0.703440070 0.000052210 0.710754573 1.039389491 -0.007048496 0.999951243 0.006902507 0.095445864 -0.710719585 -0.009865250 0.703406274 1.152926922
0.706544161 0.000939073 0.707668364 1.048389912 -0.007723556 0.999949813 0.006384355 0.096789442 -0.707626939 -0.009976545 0.706515908 1.165196896
0.707115114 0.001153958 0.707097530 1.057203650 -0.012095611 0.999872088 0.010464154 0.097728334 -0.706995070 -0.015952136 0.707038641 1.175767779
0.707616508 0.001811530 0.706594348 1.065597653 -0.015744241 0.999788880 0.013203811 0.097298712 -0.706421196 -0.020468026 0.707495689 1.186378002
0.705120921 0.003556523 0.709078193 1.072464347 -0.023513805 0.999554694 0.018369114 0.095679179 -0.708697140 -0.029625572 0.704890549 1.197531104
0.700213432 0.005814159 0.713909924 1.081730247 -0.021148225 0.999696970 0.012600852 0.095330067 -0.713620245 -0.023921214 0.700124204 1.208316803
0.695292413 0.012467912 0.718618751 1.090731502 -0.023080697 0.999721169 0.004986505 0.094471358 -0.718356311 -0.020053301 0.695386350 1.219675779
0.693837821 0.018868387 0.719884098 1.094848752 -0.025632348 0.999670327 -0.001496734 0.089456186 -0.719675064 -0.017413830 0.694092751 1.227183580
0.694822729 0.028947400 0.718598127 1.101809502 -0.028514011 0.999512851 -0.012692927 0.087397665 -0.718615592 -0.011670783 0.695309699 1.235390067
0.697441399 0.029148676 0.716048658 1.110284686 -0.029535433 0.999492645 -0.011919101 0.087826408 -0.716032922 -0.012835937 0.697948575 1.246055365
0.702026606 0.024684731 0.711722672 1.120491147 -0.026912915 0.999604762 -0.008123092 0.089611903 -0.711641848 -0.013451905 0.702413559 1.257719398
0.703752458 0.023213837 0.710065842 1.130340576 -0.028082270 0.999593794 -0.004846653 0.090085983 -0.709890008 -0.016529419 0.704118550 1.268231630
0.702913105 0.023382505 0.710891187 1.138305306 -0.026196342 0.999632418 -0.006977378 0.090696625 -0.710793018 -0.013718259 0.703267276 1.274954081
0.701701343 0.021495208 0.712146759 1.149444103 -0.027533771 0.999616206 -0.003042177 0.093463503 -0.711938858 -0.017473385 0.702023923 1.285393715
0.698978424 0.018617393 0.714900315 1.160102129 -0.020803001 0.999767363 -0.005696202 0.096587569 -0.714840055 -0.010890551 0.699203193 1.294898748
0.694765925 0.019629501 0.718968034 1.172095180 -0.018488484 0.999784589 -0.009430328 0.097826570 -0.718998194 -0.006740758 0.694979131 1.303391576
0.691002607 0.016424662 0.722665668 1.182926297 -0.015891761 0.999845326 -0.007528899 0.098287679 -0.722677469 -0.006281939 0.691156805 1.312458396
0.690723062 0.014165164 0.722980499 1.196787715 -0.013489275 0.999886572 -0.006703088 0.098729461 -0.722993493 -0.005122505 0.690835714 1.321004868
0.695100665 0.013106290 0.718792856 1.208590269 -0.011401023 0.999909043 -0.007206861 0.099103436 -0.718821943 -0.003185481 0.695186913 1.332102180
0.702906609 0.012176798 0.711177945 1.223157644 -0.008673150 0.999925792 -0.008548470 0.100931808 -0.711229205 -0.000159378 0.702960074 1.345709443
0.707295895 0.010496940 0.706839621 1.235553503 -0.006112897 0.999943197 -0.008732839 0.101686478 -0.706891179 0.001855864 0.707319796 1.355838299
0.709129572 0.008976947 0.705020964 1.248795986 -0.002391233 0.999943793 -0.010326996 0.103120387 -0.705074072 0.005637308 0.709111214 1.366884589
0.706996381 0.003145090 0.707210124 1.262734532 -0.005141248 0.999986529 0.000692574 0.104746483 -0.707198501 -0.004125590 0.707002997 1.379617453
0.702648997 -0.001550348 0.711534977 1.279125214 0.001294353 0.999998748 0.000900687 0.107609972 -0.711535513 0.000288112 0.702650070 1.392433047
0.699574232 -0.004145296 0.714547932 1.294158101 0.003733800 0.999990761 0.002145673 0.110215448 -0.714550078 0.001166921 0.699583292 1.404435635
0.698254287 -0.014293522 0.715707064 1.311680555 0.009213511 0.999897361 0.010980302 0.113062344 -0.715790510 -0.001072871 0.698314250 1.418456793
0.697683275 -0.012828534 0.716291368 1.326556444 0.007717685 0.999916196 0.010390965 0.111713752 -0.716364622 -0.001721493 0.697723866 1.430476665
0.699507296 -0.015363997 0.714460254 1.344160080 0.011752752 0.999880970 0.009995001 0.111552052 -0.714528799 0.001405297 0.699604630 1.443583846
0.704325914 -0.011470634 0.709784031 1.359764457 0.009422327 0.999932408 0.006809779 0.111175463 -0.709814191 0.001891512 0.704386413 1.457936764
0.708559990 -0.009239440 0.705590189 1.371159911 0.006128807 0.999957144 0.006939462 0.109367028 -0.705623984 -0.000592600 0.708586156 1.469586968
0.709691167 -0.006160098 0.704486012 1.388931394 0.004222568 0.999980986 0.004490171 0.109327182 -0.704500258 -0.000211895 0.709703684 1.488629222
0.707198858 -0.001823368 0.707012296 1.403443456 -0.007363581 0.999923408 0.009944303 0.110994473 -0.706976295 -0.012238742 0.707131267 1.506158829
0.702315211 -0.004952709 0.711848974 1.417948604 -0.006358322 0.999892294 0.013229945 0.110805579 -0.711837769 -0.013817757 0.702208102 1.522148371
0.698578835 0.000866722 0.715532601 1.431057692 -0.010568417 0.999902725 0.009106835 0.109793581 -0.715454996 -0.013923889 0.698520064 1.538945675
0.698361158 0.004013647 0.715734243 1.445173979 -0.010010540 0.999941289 0.004160149 0.106672339 -0.715675473 -0.010070171 0.698360324 1.553289652
0.699074507 0.014048817 0.714910805 1.457068324 -0.014571186 0.999879241 -0.005400356 0.103737555 -0.714900255 -0.006641846 0.699194849 1.567065120
0.699143589 0.013181482 0.714859724 1.474755883 -0.011189250 0.999909341 -0.007494327 0.106802285 -0.714893758 -0.002759134 0.699227631 1.582562566
0.704237223 0.005826517 0.709940791 1.490032911 -0.005854672 0.999980032 -0.002399244 0.109445609 -0.709940553 -0.002466834 0.704257309 1.597354889
0.709660709 -0.000005190 0.704543591 1.504606485 -0.009332461 0.999912262 0.009407610 0.111673847 -0.704481781 -0.013251336 0.709598303 1.614291310
0.711659074 -0.001372152 0.702523708 1.517434359 -0.009924506 0.999878705 0.012006503 0.113678373 -0.702454925 -0.015516737 0.711559057 1.628759503
0.709671199 0.004643714 0.704517722 1.531068206 -0.017767975 0.999778211 0.011308070 0.117366150 -0.704309046 -0.020542862 0.709596157 1.646257639
0.704284728 0.005222304 0.709898293 1.545102835 -0.025282133 0.999523222 0.017729312 0.122451164 -0.709467173 -0.030434228 0.704080939 1.659855604
0.697301984 0.001358077 0.716776073 1.562219739 -0.023156175 0.999518991 0.020633262 0.127185389 -0.716403246 -0.030985411 0.696998060 1.676559925
0.692293525 -0.001951905 0.721613467 1.573879719 -0.019939208 0.999562800 0.021832794 0.125636250 -0.721340597 -0.029503103 0.691951871 1.686062813
0.683949351 0.002330261 0.729525745 1.590333104 -0.020285681 0.999668956 0.015825193 0.126353487 -0.729247391 -0.025622554 0.683770239 1.700596452
0.675166607 -0.008850407 0.737612069 1.609044909 -0.010487146 0.999711812 0.021594582 0.130706877 -0.737590730 -0.022315383 0.674879253 1.713928938
0.673503160 -0.010897148 0.739103973 1.624153852 -0.010973901 0.999633729 0.024738219 0.132073045 -0.739102900 -0.024772126 0.673137009 1.726222634
0.673569024 -0.010971747 0.739042819 1.637550235 -0.016364457 0.999423385 0.029752010 0.130865872 -0.738943040 -0.032134071 0.673001170 1.738554597
0.668765664 -0.007552968 0.743434906 1.649688005 -0.019608293 0.999421358 0.027792545 0.129524499 -0.743214726 -0.033164192 0.668230653 1.749627113
0.658096969 -0.002980061 0.752927244 1.663090944 -0.023630062 0.999417841 0.024609547 0.131433740 -0.752562284 -0.033987187 0.657643378 1.761529446
0.644932747 -0.001360470 0.764238060 1.676288605 -0.034699984 0.998914897 0.031061204 0.136292815 -0.763451099 -0.046551436 0.644185781 1.774410248
0.631094038 -0.000996648 0.775705636 1.689924955 -0.033658709 0.999022186 0.028667431 0.136152431 -0.774975717 -0.044201098 0.630443394 1.783936620
0.621512473 -0.002482630 0.783400297 1.705583692 -0.028761720 0.999248505 0.025984844 0.136835635 -0.782876134 -0.038681842 0.620974064 1.793584108
0.616119981 0.004532240 0.787639260 1.720181823 -0.029104397 0.999431551 0.017015578 0.137204602 -0.787114382 -0.033407405 0.615901649 1.804147243
0.617998540 -0.001920316 0.786176920 1.734579802 -0.023796991 0.999493062 0.021147719 0.140293568 -0.785819054 -0.031777907 0.617639542 1.812135935
0.626589060 -0.004930523 0.779334247 1.747362733 -0.022618517 0.999443710 0.024508482 0.142224014 -0.779021502 -0.032984134 0.626129091 1.821560621
0.632963061 -0.005596976 0.774161696 1.760020256 -0.022059694 0.999437451 0.025261901 0.141652822 -0.773867667 -0.033067625 0.632483482 1.830934763
0.632961750 -0.003849783 0.774173498 1.771808743 -0.017872710 0.999648452 0.019583691 0.140569448 -0.773976624 -0.026232306 0.632670403 1.836858273
0.630105972 -0.001325127 0.776507974 1.785306096 -0.018379701 0.999692917 0.016620411 0.142223299 -0.776291549 -0.024744606 0.629888177 1.845849633
0.625387967 -0.002907897 0.780308425 1.799079418 -0.025630435 0.999376893 0.024266113 0.146662757 -0.779892862 -0.035175383 0.624923825 1.855045557
0.621682107 -0.007770306 0.783230960 1.813079953 -0.017160757 0.999575615 0.023537815 0.148525119 -0.783081591 -0.028073873 0.621284962 1.862089634
0.619585335 -0.011290282 0.784848154 1.827526331 -0.010673217 0.999682963 0.022806542 0.149993509 -0.784856796 -0.022507455 0.619268298 1.869331956
0.618411839 -0.007946358 0.785814047 1.841943741 -0.011070172 0.999761701 0.018821744 0.152548671 -0.785776198 -0.020338686 0.618176341 1.877236843
0.618440926 -0.007213981 0.785798132 1.857612133 -0.007567816 0.999856889 0.015135180 0.154400915 -0.785794854 -0.015306993 0.618297756 1.885356665
0.621288538 -0.007212668 0.783548594 1.872444391 -0.001674749 0.999943197 0.010532544 0.155725807 -0.783580065 -0.007855996 0.621241152 1.895268440
0.625826001 -0.009525268 0.779904425 1.889341831 0.003172110 0.999948323 0.009667322 0.157268137 -0.779956222 -0.003576120 0.625823796 1.906194568
0.628347695 -0.006747922 0.777903378 1.905050278 0.006281208 0.999973714 0.003600656 0.158984885 -0.777907252 0.002623710 0.628373623 1.916317821
0.623264551 -0.005020623 0.781994998 1.922036648 -0.005624208 0.999924719 0.010902392 0.160862520 -0.781990767 -0.011193177 0.623189449 1.929226756
0.616132438 -0.011808582 0.787554026 1.938206315 -0.002683559 0.999850273 0.017091200 0.162619680 -0.787637949 -0.012643892 0.616008580 1.938112617
0.610193074 -0.016370587 0.792083502 1.955422759 0.004350172 0.999840617 0.017313240 0.165218085 -0.792240739 -0.007118720 0.610167086 1.949755073
0.610359371 -0.019649131 0.791880846 1.972488165 0.010390723 0.999804854 0.016799521 0.167649150 -0.792056382 -0.002025532 0.610444486 1.960417867
0.611579120 -0.012345996 0.791086912 1.989712238 0.006777682 0.999923289 0.010365434 0.170866892 -0.791154265 -0.000977549 0.611615896 1.970435143
0.610733211 0.001067648 0.791835785 2.005486012 0.002773780 0.999990106 -0.003487690 0.171097413 -0.791831613 0.004326425 0.610724211 1.981279373
0.616625428 -0.000881059 0.787256300 2.022855043 0.010023243 0.999927104 -0.006731723 0.172188476 -0.787192941 0.012041811 0.616589248 1.992596149
0.623965442 -0.005663180 0.781431556 2.039151192 0.012358083 0.999920189 -0.002621200 0.172742099 -0.781354308 0.011292534 0.623985529 2.003976345
0.626077533 -0.005084369 0.779744208 2.056212187 0.013293069 0.999903023 -0.004153435 0.172015354 -0.779647410 0.012965566 0.626084387 2.015709639
0.619790137 -0.003049596 0.784761786 2.073234558 0.000916213 0.999994636 0.003162386 0.171908170 -0.784767091 -0.001241008 0.619789481 2.028462887
0.611444652 -0.010782154 0.791213751 2.092631578 0.009518782 0.999934971 0.006270426 0.173019394 -0.791229963 0.003697371 0.611507595 2.042623758
0.606248081 -0.013142853 0.795167089 2.110656261 0.017953848 0.999834716 0.002837387 0.174413443 -0.795073032 0.012556150 0.606383801 2.054367065
0.606907547 -0.015230439 0.794626534 2.127308846 0.020616911 0.999781549 0.003416135 0.174387485 -0.794505000 0.014309469 0.607088983 2.067339897
0.607942700 -0.005942964 0.793958724 2.144004822 0.013646884 0.999902427 -0.002965064 0.174532264 -0.793863654 0.012637651 0.607964516 2.080333233
0.606680274 0.010692351 0.794874132 2.159050703 0.004616585 0.999845266 -0.016973112 0.173559681 -0.794932723 0.013966855 0.606537104 2.093107700
0.610853672 0.007577945 0.791707218 2.175791740 0.010082009 0.999798656 -0.017348647 0.174019217 -0.791679323 0.018579483 0.610654294 2.107297421
0.618107796 0.001721635 0.786091447 2.194529772 0.010591859 0.999888599 -0.010518307 0.174046651 -0.786021948 0.014827617 0.618020713 2.119990587
0.626827240 0.000522111 0.779158115 2.212115288 0.009033047 0.999927700 -0.007937068 0.174417347 -0.779105961 0.012013341 0.626777232 2.134991646
0.635237396 -0.000736273 0.772316575 2.230780125 -0.002595006 0.999991894 0.003087738 0.175569639 -0.772312582 -0.003965612 0.635230303 2.154607058
0.641537249 -0.005074888 0.767075181 2.247509718 -0.001858116 0.999965012 0.008169685 0.178013891 -0.767089665 -0.006666471 0.641505361 2.171598911
0.649090946 -0.008196154 0.760666609 2.263661385 -0.001521430 0.999926031 0.012072429 0.182812601 -0.760709286 -0.008993406 0.649030507 2.187312603
0.659797847 -0.013861366 0.751315236 2.281947613 0.004028500 0.999880791 0.014909479 0.188535646 -0.751432300 -0.006810568 0.659775019 2.201855421
0.669895113 0.004417978 0.742442608 2.295594215 -0.008940172 0.999957800 0.002116240 0.190543160 -0.742401838 -0.008055223 0.669906318 2.217840910
0.681836009 0.001101519 0.731504142 2.314251184 -0.002313855 0.999997199 0.000650923 0.195796058 -0.731501460 -0.002136418 0.681836605 2.233143806
0.695457280 -0.000821892 0.718566954 2.326701403 -0.004933779 0.999970376 0.005918864 0.199241266 -0.718550444 -0.007661568 0.695432544 2.248931408
0.707514167 -0.009624435 0.706633627 2.340322256 -0.006253307 0.999782860 0.019878265 0.202856570 -0.706671476 -0.018482951 0.707300365 2.266133785
0.710559368 -0.017331013 0.703423798 2.354678869 -0.006036793 0.999509692 0.030724028 0.205597758 -0.703611434 -0.026077669 0.710106313 2.281913280
0.701536179 -0.014024554 0.712495744 2.369117498 -0.011287240 0.999462187 0.030786736 0.202298194 -0.712544382 -0.029640123 0.701000690 2.296706676
0.691915154 -0.017023772 0.721778154 2.382908821 -0.006981014 0.999517500 0.030266680 0.201031715 -0.721945107 -0.025980718 0.691462457 2.310443163
0.688945889 -0.016348569 0.724628389 2.398180246 -0.004403790 0.999632776 0.026739964 0.200922042 -0.724799454 -0.021613499 0.688620865 2.324825048
0.690818489 -0.017254775 0.722822309 2.411789179 -0.001388871 0.999681652 0.025191173 0.200161412 -0.723026931 -0.018406436 0.690574646 2.336597681
0.689705074 0.005626830 0.724068582 2.421757698 -0.017822005 0.999798775 0.009206626 0.197417587 -0.723870993 -0.019254209 0.689666629 2.349705935
0.688531399 0.012556093 0.725097775 2.434103012 -0.019493056 0.999809384 0.001196921 0.195663586 -0.724944532 -0.014958489 0.688644886 2.362033844
0.691875994 0.012058617 0.721915662 2.445776939 -0.019267745 0.999812841 0.001765486 0.196245462 -0.721759200 -0.015131182 0.691978872 2.376083851
0.698264658 0.007617562 0.715799153 2.457674503 -0.019509559 0.999774516 0.008392012 0.196397066 -0.715573788 -0.019824773 0.698255897 2.387938976
0.702333033 0.007030498 0.711813807 2.471648693 -0.020482743 0.999736845 0.010335650 0.198003709 -0.711553752 -0.021838967 0.702292323 2.402124405
0.698288143 0.011213201 0.715728998 2.489563465 -0.018382242 0.999828458 0.002270162 0.195605874 -0.715580821 -0.014741932 0.698374450 2.416983843
0.690535545 0.004750931 0.723282754 2.502620935 -0.013174580 0.999895155 0.006010214 0.194488212 -0.723178446 -0.013679215 0.690525830 2.428130150
0.685388565 -0.000236386 0.728177428 2.515846014 -0.007706309 0.999941587 0.007578081 0.190947428 -0.728136778 -0.010805493 0.685346782 2.438195467
0.684800088 -0.003361028 0.728723109 2.529942036 -0.005128163 0.999942422 0.009431020 0.186694637 -0.728712976 -0.010195376 0.684743404 2.449132919
0.685728312 0.009309427 0.727798104 2.542837858 -0.012257458 0.999924123 -0.001241326 0.180980816 -0.727754414 -0.008069743 0.685790360 2.461894512
0.683354139 0.026559640 0.729603887 2.555892944 -0.018835425 0.999646842 -0.018748524 0.176846713 -0.729844213 -0.000930521 0.683613002 2.474346638
0.678971767 0.025793482 0.733711123 2.570432901 -0.014041976 0.999656141 -0.022148369 0.175970420 -0.734030187 0.004735363 0.679100454 2.484994173
0.670505881 0.021785418 0.741584301 2.583828211 -0.012292268 0.999757826 -0.018255649 0.173761547 -0.741802454 0.003124764 0.670611322 2.496120691
0.662518680 0.025372444 0.748615563 2.596666813 -0.016233504 0.999677777 -0.019515049 0.171468362 -0.748869479 0.000776430 0.662717104 2.507401466
0.655522466 0.030855954 0.754545033 2.612471104 -0.023186017 0.999516189 -0.020730471 0.173657447 -0.754819691 -0.003905606 0.655920863 2.521270275
0.643199861 0.032560322 0.765005708 2.628599405 -0.023240555 0.999465287 -0.022999300 0.176011264 -0.765345573 -0.002986011 0.643612623 2.535014868
0.625513196 0.031473197 0.779578626 2.645337105 -0.022368165 0.999498785 -0.022404211 0.176464736 -0.779892921 -0.003423613 0.625903666 2.547050238
0.610022604 0.032799017 0.791704893 2.660036325 -0.024454189 0.999446273 -0.022563016 0.175355062 -0.792006671 -0.005596550 0.610486865 2.559078693
0.602253675 0.041369747 0.797232091 2.678235292 -0.028457884 0.999134183 -0.030348834 0.176375389 -0.797797382 -0.004409839 0.602909684 2.577075243
0.605591059 0.051074203 0.794135332 2.690591097 -0.034254108 0.998686314 -0.038108271 0.174884439 -0.795038521 -0.004124369 0.606545031 2.589269400
0.615891099 0.042856582 0.786664784 2.707894325 -0.030126171 0.999070168 -0.030841973 0.177730054 -0.787255108 -0.004703900 0.616609514 2.607467651
0.621554315 0.032166392 0.782710552 2.725787163 -0.031729765 0.999370396 -0.015873529 0.180572435 -0.782728374 -0.014968958 0.622183621 2.626763344
0.622332275 0.025204487 0.782347262 2.746105909 -0.035240415 0.999370217 -0.004163584 0.181531608 -0.781959474 -0.024979113 0.622828543 2.644411325
0.619271457 0.024933137 0.784780979 2.764991045 -0.045289889 0.998965859 0.004000322 0.183640242 -0.783869684 -0.038019925 0.619760275 2.662102699
0.614695549 0.024791954 0.788374722 2.784366608 -0.041187230 0.999151170 0.000693446 0.184562683 -0.787688375 -0.032897230 0.615194857 2.678769827
0.611438870 0.028516799 0.790777564 2.804014683 -0.037233546 0.999280334 -0.007246335 0.189231321 -0.790415227 -0.025012763 0.612060487 2.693943977
0.610841870 0.027769791 0.791265309 2.825752735 -0.032494221 0.999422014 -0.009990208 0.194270149 -0.791085422 -0.019609118 0.611391246 2.710515976
0.611338496 0.020853311 0.791094482 2.850614548 -0.028972132 0.999572396 -0.003959854 0.198840916 -0.790838778 -0.020498881 0.611681223 2.728204250
0.616011202 0.021009060 0.787457108 2.871276379 -0.029051213 0.999570131 -0.003941995 0.200080112 -0.787201464 -0.020448275 0.616356730 2.745201588
0.624974012 0.009374902 0.780589223 2.895351410 -0.022033134 0.999741375 0.005633772 0.203494877 -0.780334473 -0.020719795 0.625019073 2.760835886
0.628828883 -0.000429115 0.777543724 2.919059515 -0.019965179 0.999661207 0.016698290 0.205662847 -0.777287364 -0.026024166 0.628607154 2.779359102
0.627327681 -0.004785237 0.778740764 2.941283941 -0.020125542 0.999547541 0.022354521 0.208136648 -0.778495431 -0.029696185 0.626947463 2.796532869
0.625389874 -0.004662798 0.780298591 2.964884996 -0.021539874 0.999497950 0.023236327 0.209627718 -0.780015171 -0.031339295 0.624975383 2.814897060
0.619600236 -0.003599206 0.784909308 2.986356974 -0.018269690 0.999652445 0.019005843 0.208669275 -0.784704864 -0.026116071 0.619319260 2.831501245
0.613664389 -0.008496230 0.789521337 3.007124901 -0.014475564 0.999653041 0.022008801 0.207185149 -0.789434314 -0.024934784 0.613328397 2.846637726
0.612188578 -0.020715950 0.790440321 3.031017542 -0.007231025 0.999468267 0.031794541 0.204633027 -0.790678740 -0.025179945 0.611713231 2.860128641
0.613738060 -0.021619532 0.789213777 3.057211399 -0.003341289 0.999544919 0.029979672 0.205193520 -0.789502680 -0.021036655 0.613386393 2.878032684
0.613570690 0.001390640 0.789638579 3.078450680 -0.016870975 0.999793291 0.011348461 0.204276606 -0.789459527 -0.020285057 0.613467336 2.892892122
0.619018495 0.002223937 0.785373211 3.100774050 -0.010171949 0.999934793 0.005185855 0.203650594 -0.785310507 -0.011198917 0.619000852 2.904557467
0.622500837 -0.000037329 0.782619178 3.121353865 -0.007437325 0.999954581 0.005963395 0.203141063 -0.782583773 -0.009532810 0.622472286 2.916858435
0.623033226 -0.000076422 0.782195330 3.139701605 -0.004958228 0.999979436 0.004047018 0.202499270 -0.782179654 -0.006399727 0.623020113 2.928877592
0.622588813 0.003665498 0.782540500 3.156980038 -0.006556008 0.999978364 0.000531959 0.204490617 -0.782521665 -0.005461534 0.622599483 2.941489697
0.616749585 -0.003718001 0.787150562 3.178170681 -0.005282524 0.999946773 0.008862088 0.211012021 -0.787141681 -0.009623836 0.616697133 2.955812216
0.609252214 -0.012049925 0.792884886 3.193212509 -0.002341406 0.999852836 0.016994469 0.212916926 -0.792973042 -0.012210383 0.609134376 2.966756344
0.605399370 -0.019152349 0.795691371 3.210060596 0.000658152 0.999722183 0.023562633 0.214088500 -0.795921624 -0.013741121 0.605243802 2.978027821
0.606258452 -0.011149967 0.795189440 3.227387428 -0.004720252 0.999833643 0.017618196 0.215355843 -0.795253694 -0.014434678 0.606105030 2.989690304
0.608187199 0.000008568 0.793793619 3.243147850 -0.008389403 0.999944150 0.006416982 0.216016933 -0.793749332 -0.010562181 0.608153403 3.004766226
0.613694012 -0.003699721 0.789535344 3.257169724 -0.004421356 0.999957263 0.008122402 0.214726090 -0.789531469 -0.008475486 0.613651574 3.015434504
0.617729723 -0.006619681 0.786362648 3.272521973 -0.009345912 0.999832213 0.015758401 0.215838253 -0.786334991 -0.017083708 0.617564201 3.029651165
0.619229257 -0.006167972 0.785185933 3.287215710 -0.012954839 0.999752820 0.018070195 0.215741470 -0.785103202 -0.021361556 0.618996382 3.042558908
0.617563188 -0.007686231 0.786483645 3.300281525 -0.015597380 0.999635875 0.022016730 0.215104908 -0.786366582 -0.025863808 0.617218614 3.052829742
0.612362206 -0.009851767 0.790515959 3.316385746 -0.009504382 0.999758303 0.019821880 0.217993796 -0.790520251 -0.019651536 0.612120628 3.065963268
0.604959667 -0.005764718 0.796235144 3.331843376 -0.009926680 0.999841571 0.014780864 0.217409194 -0.796194136 -0.016845798 0.604806662 3.076155186
0.599647045 -0.000886809 0.800264120 3.344455242 -0.013128378 0.999853909 0.010945227 0.216910869 -0.800156891 -0.017069442 0.599547863 3.087116241
